2.074074074
1.777777778
1.888888889
3.111111111
3.222222222
2.666666667
2.333333333
2.518518519
3.592592593
3.444444444
4.62962963
3.740740741
3.37037037
3.518518519
1.925925926
2.888888889
3.592592593
3.592592593
3.555555556
3.777777778
3.888888889
4.074074074
4.074074074
3.407407407
3.222222222
3.814814815
3.962962963
4.037037037
3.333333333
2.37037037
2.296296296
2.185185185
3.518518519
3.222222222
2.518518519
2.444444444
4.296296296
3.962962963
3.259259259
4.296296296
3.222222222
2.111111111
2.777777778
3
3.296296296
3.518518519
2.666666667
3.259259259
4.62962963
4.259259259
3.555555556
3.666666667
3.37037037
3.703703704
3.851851852
2.407407407
2.592592593
3.111111111
3.296296296
1.777777778
3.333333333
2.111111111
3
3.518518519
2.925925926
3.074074074
4.037037037
2.777777778
3.666666667
1.814814815
3
1.888888889
2.740740741
2.37037037
3.37037037
3.111111111
2.851851852
2.518518519
2.740740741
2.666666667
